1200
127.689004328 136.52271733 55.6342426493
-141.156014967 124.438150341 34.7097888681
100.438976829 57.5567430839 117.86492609
4.63694423102 70.0533969328 124.772355241
69.2951148892 35.6052903083 98.8768363677
-75.7406289389 143.15533274 29.0584824046
-5.97503847712 134.570466659 -31.0314771446
-118.899982805 57.5250075993 105.724394439
-66.5879781823 60.3483911307 8.94797162675
33.1399883541 -91.5517822277 -27.0404569376
120.395892837 -1.8317344732 70.3761839066
-25.0843324709 108.114282918 91.628239668
-126.148475798 -65.7272411322 -3.77057056494
98.5081306007 121.898785164 1.03854067862
-80.5156470409 25.1187164302 -55.1127262149
81.7673418336 53.1594244142 81.4003428408
-146.784768471 -97.7911024714 55.0384219443
14.3586841057 -91.7455116683 55.5227821932
41.1559564037 108.458553223 -83.04625866
88.3109082247 -37.2652330201 74.103034761
-139.119398359 -53.4753700441 -74.6191690732
77.4602334103 -80.4135288353 -29.5635433956
93.449522082 -98.8264217519 48.2219403753
-68.1817747945 120.155685703 52.8850467241
-139.044960611 -74.9189059773 19.7884926195
-8.80346620825 -103.321491853 106.888087874
-79.207886349 -125.903765836 -3.34685247573
11.1797840101 71.7882026443 62.649735611
-118.549151028 -136.496064443 -31.8284325668
-117.635818389 114.548675146 140.893505821
77.2180298252 -84.2889927869 -134.567787819
143.202486878 0.505683201672 115.609416316
-67.3640849694 -99.0698615096 -142.020882182
72.6229850542 46.242009014 27.792606419
-142.395301696 42.1158763406 86.017188556
89.5595810347 52.0435586252 67.9814980157
38.2592775868 120.196214444 55.3110893842
75.7670674229 134.128059805 15.9976883863
75.978068029 -116.933635772 -22.6338549085
145.220124856 -96.3267982788 40.6681227329
-1.33470111819 71.6216139934 38.6488756319
143.506460321 -138.100119928 -133.979498422
-69.2107853179 101.998377827 57.7319075252
108.447943198 20.4991493734 32.8514143509
76.9092539604 -135.76081206 -68.4501960498
-104.258320844 -64.5307300917 23.145701935
-120.170260796 -147.481650153 -18.7493803883
146.125926597 -61.6422644757 58.3061658861
-147.436310172 -34.2881024151 101.832158243
47.6749576116 -77.4809268193 124.319559186
-148.571955532 -64.9662857236 80.4758773986
-100.286466879 -92.95578273 -33.8275259085
-25.4761576241 -32.2319555163 46.8155576742
148.547677783 36.7640763813 55.8273350902
-63.1759955103 65.4851755882 109.60083474
18.4582838266 53.361456833 63.0795469694
28.1517275446 -60.071138499 -120.064095289
-49.3989406385 142.122259389 91.2437737854
-124.761238124 -103.340909907 -125.573298605
-126.95609817 -85.6427221256 -102.475123524
-79.0824173641 59.5472478255 41.0286501011
-142.355844677 71.2510703983 -121.347199487
123.725548898 -142.323473204 115.269917332
-63.621551895 69.7915923591 119.887159272
75.8674289116 88.5435527043 135.998835069
91.3061141086 -107.009999786 89.9150309882
143.454868273 -103.398023605 -21.2333175387
-26.5812320285 -148.742480226 -57.4240714494
-51.6012799512 -85.5765089501 100.64229329
-148.496818925 -102.269829302 97.2395432647
129.993873262 -30.5710300628 9.24753684933
138.684559977 -147.411291298 53.3000848857
9.00325744124 14.7508986749 85.509019852
99.6517376526 -133.569580715 9.94879844237
-88.3205764527 -144.652528454 54.4556956136
-145.57570507 -52.5967185336 -52.8670804303
-93.2044369417 131.222554009 45.9075589572
-127.825838081 -69.7477084957 -139.760411221
9.54219649444 -122.815897744 81.9746067614
-118.035936199 145.674217052 -30.3903492053
-144.242155233 -41.5666608138 -131.157936961
-13.237177245 -84.7344059336 0.441452933897
-87.7746726875 -33.3492525369 148.715975462
-87.1864029614 85.3754828781 -99.419803408
96.3331341109 -61.3153276464 115.057625316
107.937642875 32.1996057743 20.7098094986
60.5547023338 -107.269130462 22.0486668571
4.65157606814 -45.0961733288 63.0772194346
16.9411108643 -149.203906404 98.318742624
-124.751564428 -145.671891377 31.9530481068
-33.1582610647 -11.8025343867 -146.640459042
-92.9190741418 127.039379066 74.1983106696
-41.5808021364 -148.917574066 -145.382067484
5.52779709099 11.3148861326 -54.6728561315
109.257981074 -115.184407442 -124.357232649
3.11651991524 83.701235065 141.103379855
-92.8481885099 35.6756881036 -131.675482937
-100.017059618 -77.1004389051 73.8516444779
86.5057486256 -143.415747893 1.23895840101
58.741634031 19.6457098471 -101.038765019
-129.579040397 39.9045524852 -20.8823888574
-143.067185829 -101.262498676 113.120839305
31.8749059828 -65.6681589196 136.065254645
133.541167809 33.0337685228 -83.7534089989
-131.411217011 10.2769379539 -56.6783512411
43.7823989507 -18.2813683398 -10.4817185453
-116.918600748 59.1018511504 -117.048244874
-32.5289875492 -71.6347291325 134.08576527
-133.787599347 -15.1978625611 -6.63548019924
-70.3160136598 108.088674532 -48.5622369393
147.249801614 -8.47915596339 -77.4720150328
-15.7801991729 -12.6118172503 10.5338258562
-101.988509222 132.532326231 -13.9138609844
-67.5247477923 52.5545023482 119.052183845
44.946701494 -75.453648951 -11.748273405
-102.757850706 -129.420546038 -72.420891008
-123.155844473 -2.37528460262 91.6243130879
-96.4191113825 -109.937918779 -30.6023619651
35.2696499422 -50.4504473499 -3.06017382282
2.73947761956 149.247122944 76.0227611881
135.73882764 -149.348683356 -68.2806092882
100.902333558 -62.833127263 -148.486929855
63.8954736167 -37.8545881335 105.787807904
131.616577257 68.6815984207 42.796643298
105.464671015 -6.97383877396 90.1295484112
-93.7196834976 82.8930565369 -25.0762446579
54.6071077645 -29.2441835453 -67.3430235354
-111.910200018 96.4696169876 1.77113594386
58.58449247 -34.1918933949 -121.186906689
40.2926126881 -146.285086019 51.9926449577
-37.7079780715 -112.480893625 -133.13230822
142.024363496 132.419614394 53.8243974409
-19.6269951141 139.043120484 -86.8196906118
-10.7561907728 -53.4397976676 36.6122208928
-9.26549508084 -148.356144135 24.5502831476
121.038655403 64.9533305082 5.62952993048
-55.0804338081 79.9235758769 -101.139097763
41.3112183623 63.5678265502 134.887353322
-133.911416765 -4.44365684586 -108.258835213
56.4321489762 -0.964015175988 122.031923963
-125.217732992 -52.8986949495 98.2763167607
138.800914612 -84.7052103773 -16.4123052069
69.8645646619 109.551607937 17.4480720666
-18.3275560164 81.413682654 88.5229007273
-42.289729686 101.164244187 136.896030029
93.5604519749 -63.5087253959 -47.7891954632
-1.75811616311 -115.268826408 -41.0962174929
31.9478564808 14.0421681915 36.3874152823
-72.8754775914 -13.9171866926 125.383188029
67.4000428296 -50.292795912 90.5677726741
-109.403375968 -34.267561352 103.719568368
105.170999304 -46.2899554309 79.5390426217
-32.0691417008 -29.0775243059 108.775052065
-23.7724009579 -55.9827969026 -48.0572305377
122.769195899 -118.716517001 -126.550662968
49.7772800304 -14.0794346357 -76.3886413388
30.3347104022 89.3995145255 44.4416576762
-83.3575472744 -5.3766320219 -5.72747979165
68.144707216 101.629343548 -3.532989253
-1.05933060812 125.415111442 -80.7547385506
-27.1752638309 49.3438907577 103.0214823
-16.5664403359 87.3457984387 89.4330927025
67.7370010161 41.0047513278 121.735985369
-113.356059986 -131.472384544 144.275995074
113.362689978 -99.8794569601 23.3802855575
125.299116175 33.4716325092 25.5407998454
-11.8698293578 -26.6029252346 91.5806190209
89.9444453858 100.629601253 22.0146315268
-65.4349938238 6.29116090949 77.5026053277
101.25179263 -41.4676625964 27.9109561295
-80.0011177087 -61.8400585569 -54.0918385681
-4.37064641945 -90.5860360418 134.349219762
-1.61730626258 -17.4725518619 -126.784269133
103.229902065 84.9297850047 61.4532339652
-67.6521951073 -126.017103623 -70.5608912181
8.03881458204 46.7651103412 3.0987973694
59.2088083894 91.1058033582 42.8545246773
-126.537372524 0.544682859627 76.3823245326
37.1756685105 -130.703668206 -43.8230536484
36.3043020735 -26.3985766921 32.3018632413
130.684338703 81.7451571702 145.911846564
147.538859438 -31.8746327543 61.9665979284
122.259340756 -48.1156615789 140.546870015
-22.7450181508 -105.542755875 -126.725772557
84.5384050471 75.2126661918 -73.2455369757
148.82779723 46.1861552972 73.3737281614
-60.3475877997 122.722768657 106.055216121
-113.125491838 -142.922976621 74.5397587871
-113.428484169 -145.981986958 129.103917667
-66.5820951429 74.4811533529 103.861672092
-50.2523037345 -6.59567159201 -29.6852437202
-26.17061606 -101.157263052 113.856332475
-36.693214158 -8.2278681687 -99.388661775
-87.6144778518 67.7756236317 71.5705110186
-136.651039225 -84.5338954066 48.1165069366
47.6276454193 103.109926777 -132.133083984
88.4828342235 70.5495629922 -67.350995271
-81.1570715985 129.557440549 41.2172582394
-146.301157915 113.436194259 -121.829688061
-91.1436727345 -99.6207493702 42.5509109825
144.488574062 -93.2491029382 -108.104173853
7.25257574936 108.780773677 -40.2769154661
142.32624005 34.8304679715 26.5104667142
-101.252430424 -66.4653790441 -0.354562955217
93.0413598346 54.3349306516 -68.9442290491
-56.8864178673 -13.6286408084 -132.62704082
88.8062741627 -43.2408266793 138.163363973
1.5500763357 61.8843703227 16.3952266234
104.171065258 52.769187947 -37.7428513545
-47.9101196494 -5.71870267697 -28.8027787871
-133.007575339 1.19115490242 85.3679385977
61.3166669263 -88.1078555658 143.98800636
-128.244027282 34.113028335 -131.10627198
-87.2869752267 -140.841052201 16.4132704563
-21.0887196406 112.437072019 93.2816370758
-28.4062056628 -127.36319401 -89.2079839397
-50.4798419335 109.890620389 146.341024255
-52.2867119115 103.347945342 105.21027118
-113.334634701 88.5893312252 100.673293851
-101.788102338 -56.9369452931 -3.92192558956
27.6342984877 141.17884265 -11.0769130491
-52.8166245572 -124.708957298 67.7220399989
-106.812645809 -81.6952680175 -84.8684124813
19.1877583446 -70.0648107886 139.879838437
100.545717294 -68.5798353132 17.4749085462
61.5329484922 67.036569507 -27.3840225462
138.642114246 119.257325175 -43.0664211736
123.383216441 -22.912676409 -55.8860318676
120.274292835 -1.054460096 87.4476204389
3.51984204398 63.5773510034 -23.6916757725
55.1490920076 -112.372796947 -39.9998494328
-136.23265552 100.026940173 13.9238295863
110.308094076 147.775592301 -72.1394236456
118.083791596 85.5120556586 -1.81664264033
128.332883585 -117.174700803 -74.5113349635
63.7464438818 -40.123974832 -80.9469968986
90.3485759362 35.6392622095 -89.5221211375
-136.132307495 -3.34401425711 -25.6219701163
66.356222048 -133.942546078 -96.7463147202
7.01537920011 19.5877109552 -60.47279054
62.021837501 107.387011299 -71.5640805354
106.473749556 -12.2690703046 -38.7970821612
69.2582198438 67.8472201233 149.003460119
-50.3876369105 60.7489214117 79.5573377164
93.1092345285 29.447266374 5.19783403882
-79.8162101123 -66.2820058696 -141.319212335
-129.141851711 -87.5536274374 70.6931927341
-8.54237574723 -32.5322069064 33.1307026821
56.7446147071 86.1559727289 85.402621266
-54.567072619 -123.690366688 -25.9414202336
147.825565106 -122.615062938 -97.5126334468
55.3001383685 -1.66422424482 141.616250752
79.887418678 -76.3154506924 -106.962592127
-129.102772938 -36.9928287501 99.0702672737
-66.5447725615 17.5817888365 65.3010490612
59.653874223 -6.52298807185 -147.382696836
-90.708984569 -123.843801353 118.566137623
-87.0827896274 79.3651322415 114.150746663
82.7073937701 27.6875381731 103.606256247
143.28534248 -81.9256347237 -116.03858071
48.5415486402 -60.6727100402 18.0863392456
135.114884847 69.1626716807 35.3307074727
-147.805600155 20.5041084036 71.900668448
-125.414292923 57.8248041485 -75.2937579614
85.0881903178 -34.0489238898 -45.4554565052
-68.3620710116 -128.392461604 -97.1937189781
-61.5116774445 -15.0604311849 -13.093376955
-103.655604483 11.1876657925 33.0362053458
138.974671295 -1.72681313824 -133.704758285
-51.9275849734 28.8336786356 4.61302758191
19.8832769555 45.310133249 -21.088145749
-64.1930973834 -99.7437120725 89.9485376524
-147.595542404 -92.5839963368 119.736193041
-103.019887589 -144.413375709 -76.7126657709
4.48843065476 -46.9776631893 -111.268064749
75.6034647141 17.5530182202 -34.0331828929
-66.1076008975 116.167245399 -52.178761722
-103.488421781 133.590312036 86.3287816578
142.384592733 -55.1151103758 92.7584408236
-26.8409582596 -52.3283015063 -111.396134609
-18.2450681801 -19.2202899355 -112.703940114
-52.6426941121 139.921549655 127.143247469
4.31825804234 -105.040505569 -97.9518597253
54.277609571 -74.3843846879 143.393419236
39.7640217796 22.4665348515 128.644849157
-35.9700051907 -86.5582650822 -147.569520817
-137.145690982 -2.40346801308 -119.665790506
-107.321263412 46.3663925253 -57.8405182923
-120.598702658 143.719510181 -68.8785465129
-52.1070469122 76.3013186962 72.0343035057
141.855038425 36.0928084003 -94.7644782126
42.7498509101 138.803245769 -107.608563076
65.2857486366 -55.6343637075 10.8304691064
-44.7063230901 -96.930666692 88.2663702266
79.4705037797 35.428835524 14.8597950992
-59.8798419274 3.68415332875 -138.227038837
62.7093085095 -112.977361661 -99.9427831882
69.5057734723 -46.8261605246 31.7144022198
-4.89453040585 74.72707868 -49.0566136526
10.8065383047 36.3089839206 40.4866161496
-37.91858273 87.3315344371 95.9527486362
-69.6987330078 -40.0795753888 21.1437238316
114.308426831 -139.3224717 106.225762849
103.837699811 106.946428247 113.798287746
143.059306146 -87.967880357 -9.43457885393
-19.2715083691 -64.0564218534 145.923935069
34.2029138515 131.567970375 92.0503853133
-106.689059211 -110.836271932 -35.3584581026
-5.81271267311 -36.1702885558 -105.280133668
27.2119175458 43.1565254807 120.395023627
147.693170201 -64.8199063521 100.018846782
-59.2811864087 60.5428179981 -105.304132848
42.2749360405 -143.163131058 127.786357334
-23.7858848291 27.8761756618 -75.7706363586
-74.0059139135 74.8191999357 56.5998634283
130.530344126 -76.1759271966 -110.007560245
-78.710122324 -95.1801127504 -74.4911701654
-116.761249423 -20.0423809447 33.8682886534
-114.716967195 39.1215626976 57.3552544206
64.2047251482 -32.6022275365 -88.9565118775
49.9342096503 -127.046262697 -55.672956256
-73.6494263258 55.9959045697 119.812024637
-67.9726869543 11.1547791919 2.59680396943
143.744110115 70.9469359146 25.8046950046
105.129036748 36.0538895514 -103.062730307
-114.157805029 -125.705760206 96.0416075958
108.548359747 -109.227782327 69.6646751771
-65.6740173786 -74.1100863679 136.474736111
-99.5580393016 -114.516207396 -20.5038251019
92.3806609654 66.1571965594 75.7827565214
43.0387605219 -35.9025769294 -117.442815983
19.6816067946 101.863756912 -41.1594375691
33.1030365718 -82.0357922662 -120.610006493
-117.601920502 84.7083633681 -95.3677630695
57.5102723715 70.2100163445 -122.101655201
-51.6629650627 -102.739982747 -23.8847151178
74.5677659242 -96.480761018 36.3447136287
-90.245618741 -99.1858342048 -126.42912801
56.203707404 141.024530225 8.52593666069
-68.1071828193 77.6079032105 -92.1689273556
72.9127382844 149.026169517 -74.7628200277
57.2382765751 -53.3641534928 -69.8598576591
-126.218332447 12.7515379183 95.7422746327
-15.0442350097 -113.156728572 24.5985253709
-47.4887667063 -46.6208294294 -116.463998231
90.3865247634 109.725353454 -85.127692226
-105.058867071 -98.0291394245 -141.108179332
-27.7166966218 -129.31393265 -130.068329957
-112.747247438 102.397754324 -86.8843557135
41.8587632903 -115.060143418 -57.6166837066
-90.5171081404 -5.0118147969 42.7440533038
137.16240489 -83.7189080265 -84.0734143364
-108.802992276 -101.420059416 -68.6215299677
14.2592185807 -65.8139702327 91.823384354
21.6706936408 145.359027784 -60.2333818599
-148.734862398 -85.4722450632 34.6926739123
141.535063399 -98.117508559 -79.9978647125
-45.6014423669 106.319963338 -54.978834972
-6.1887319889 128.086213475 124.02391457
59.2208279569 25.6952178334 -69.4740148845
-61.03514512 -97.6957518723 34.7830223416
136.086081992 -65.2813888537 29.8916193992
-0.208873834135 -2.13340633185 -141.700275807
-77.2265680487 -57.3308727628 -100.088236262
-23.5701918053 142.0756391 -33.6156454078
-10.3422929223 -146.238697936 -81.1762308787
-134.885146071 134.921793893 -123.140703901
-56.0841973476 11.6250698021 110.254497815
-92.8872081054 63.0153797828 -108.308007629
-28.5974090116 -29.0916619485 -10.8322963192
48.0545847692 -8.22851872379 101.588479176
-99.5284373911 94.3623958988 55.2899072757
23.1224112639 -52.146944188 132.929297117
79.927636459 72.0682543948 -134.13518073
-87.3040219679 -97.0219083729 -113.863078944
-111.607242691 66.7625375448 -149.918052274
-81.1424090347 -68.4050610609 -67.7902690782
-60.3426234283 138.311629563 114.052027529
-12.5244736601 6.44092199253 -29.483139408
24.484999287 -27.8885351292 114.947876906
-94.4801223054 -94.2636722632 7.13820676567
14.458939902 -115.740892554 -85.6999648968
119.543728531 15.1439970166 -84.6738010271
132.796964297 145.312546587 -79.5641398835
135.54860347 -93.3799934335 102.513264139
15.1033287493 -47.0640365847 -122.03887667
15.7325053027 65.9191806925 -114.070385645
-100.71177779 62.268749486 -56.7401035723
-149.757860322 6.06829800011 11.3256194725
41.5859094691 -107.431035569 -42.0977231496
-14.9366978601 136.905849718 -140.230409646
-113.506454057 37.4889500757 -117.685587797
-95.6003993732 -140.046260101 -135.154885843
-48.7595159305 140.360952711 84.1169785027
107.254820263 -34.9054093216 -111.877432475
19.841588733 -74.8445347189 78.084634286
-4.81912444678 48.1909476253 -14.4324703976
-118.126404353 140.566416652 14.5067536976
117.846008862 148.679756996 18.2924055288
-50.1857515661 -27.5107247894 76.0142391532
126.264546824 -145.894711533 131.371160142
-48.4586259007 -60.5250130179 -141.676928195
54.058137897 129.527628524 93.690298118
-59.6842065397 -134.263685569 84.6740858383
-125.509035671 -63.6830285841 96.3420434411
118.029866663 -43.3428067212 133.974485449
-91.0658934873 -60.4735971176 124.091115589
-7.58448382649 121.194747772 -94.5828625825
30.1869713741 -37.7798865197 17.5999308542
-3.36894062895 -80.4560736109 -49.7518859216
-78.7923544896 -17.2661909258 135.051647021
149.850030149 106.116995158 31.0984447852
40.3345806519 -119.167267095 125.462857536
100.875585208 99.8615863808 113.545544807
-122.306157208 147.254807272 -97.1855985421
112.440768626 56.8300597934 -68.2407169798
-71.6236161272 -131.933290454 21.5207168447
2.10339301236 -117.893468033 16.8414261108
-55.2308459539 72.1346153691 115.655703978
-93.3522573821 -75.8931767329 -120.984328176
-118.076347654 -145.588003176 -40.8706063747
39.6475877856 -129.649221393 -95.5793458344
-58.1719087907 111.482484479 2.87243462089
129.736090896 58.4347688535 -118.649620248
20.2320316564 29.7011944278 9.39955290719
2.642053203 46.7899529225 -53.405694665
-146.439221447 25.7677686162 84.3969802271
145.061951669 71.7629787715 -5.12856458645
67.5372924067 -125.969076544 -26.4810945714
98.2402625593 137.242267494 -90.6121891475
28.8482258636 88.4788336243 19.2859631946
-124.115411013 62.9591924268 -50.4166435135
51.2987847161 -74.0941815176 91.3095302774
-1.72063539651 -132.176687165 54.6528443088
-52.9599059057 -51.0864471244 34.0079190297
81.9949902447 -76.1374097564 40.3361821239
146.738783608 -0.260484259239 58.4989968185
130.622108626 3.11351514465 -18.0852634904
83.8091605556 128.918941591 91.4948752287
120.866163117 30.8520191915 146.815750674
-35.0630274186 92.3141560179 -138.419199483
-8.46420487985 -124.27021381 123.267586478
-101.672276892 5.61843254977 -149.429616824
57.2707599091 -102.759941098 -101.027068517
64.8090564377 -112.654523445 -91.9073387683
141.838812841 -53.2077347635 -53.7575666464
-126.378957866 75.2957563793 -136.383327947
-109.092308253 -18.996746605 -12.386095704
54.4907175412 -52.9768819606 -127.639519951
-85.7273310443 -58.8155728815 30.981430994
67.1063579688 -59.2727654212 -106.880217781
63.2632939592 121.380066102 67.2868837614
-135.124600821 -147.053255957 -29.5176836475
-10.9321246254 -41.2963744072 -8.08629832647
1.79653352474 -61.1509969323 63.1010294412
-135.632232142 -72.5214687205 71.2744269526
-28.2939127707 0.525559638632 31.4620895298
81.7805931483 -6.77712953207 78.0180864311
124.073412012 88.742367911 77.3722893692
132.786990556 30.8291658505 -142.17193008
115.646273656 26.8337026416 -58.4040226654
-121.46247968 -87.1802600573 -49.9836234631
-37.2672290889 -86.5406464169 33.2083839113
91.5564794567 -18.4293532199 -18.790413174
-93.3942074031 18.2512841517 104.828110182
-120.535364646 -104.895856395 -20.9910786313
-123.516393268 -57.3079133734 -94.5446763319
119.377236815 -121.774944473 16.3988706645
-115.143084873 -51.1619712447 136.669550265
60.5973845964 67.9261208494 -146.803172292
106.840484514 122.914259965 -86.8240452986
-86.3118772899 -24.5756532845 -91.4770878086
-126.742599643 -135.967523143 -21.8436247283
-76.5781169502 127.824494859 140.907384024
-8.33238223445 79.3933857004 91.8615317593
52.4767795267 122.921673847 50.5881639666
-3.19342802228 63.974948404 -58.0728267893
123.879076554 127.194792167 99.0166447668
-95.6894901423 3.62993783999 19.6464131057
134.345355817 -57.1094268978 -47.8398867822
-65.4894803915 -128.16380359 -29.9683870798
43.3260300512 10.5240616936 43.9868872298
1.7343010512 27.1295163359 -123.050135409
136.684884279 -149.809804972 83.9085817638
105.592082237 -32.8470972595 -138.43394194
36.9735627656 -134.827738504 -56.575651082
85.5085798535 -6.53340801687 148.298726992
-96.8007820908 -114.571780365 -24.2598099462
-111.175506958 142.245647874 -66.1298868356
29.8189259825 -97.6424278497 16.6372440549
145.548847175 140.44905201 39.5419788613
-64.0110613501 4.49218673968 135.278699041
-57.9688698653 -113.116742907 22.2491064285
46.0370503234 94.5539862937 137.376405155
-115.621412299 62.2271013349 44.5992140438
5.1024308726 138.102722761 59.3265804318
-115.255736955 -145.257706143 -117.447965047
-53.2120595957 69.1839974316 -21.2043371362
-91.158026325 130.59746507 -112.093647921
-0.0172945467057 -31.7438943423 106.23653677
-17.5201386883 -5.2596519842 124.353154551
57.5419901472 48.7597036464 -8.24468539475
-8.44560574381 90.1592999176 47.6158504615
128.887735509 67.370113605 -44.8639120852
-26.395473199 -67.6411522357 -117.198006746
146.661737259 4.46360205008 -69.445078655
93.9372971525 128.623972722 -102.342524184
71.6576222133 -71.4235180626 -88.8043962028
129.42783892 -128.486684912 19.4810550807
-122.102638988 118.6108506 16.2623179087
47.1674678159 -140.930119834 -119.379962453
-68.914492791 -57.1206224105 83.3231052703
-105.15154441 -143.186921497 -102.481161744
69.3766957758 67.3571274193 4.24808279123
-106.048193275 59.7826312329 -99.1487472328
42.8805176215 -133.802574222 -10.3900101434
-110.855623422 -33.4791392045 -35.5221883919
118.413499886 139.82766314 -72.0814030465
96.8475824187 106.209897587 -48.9270756839
50.6810703861 -59.6561893511 56.687542591
23.5084444302 23.9475707846 39.0163772939
-18.4620151202 53.6173374115 -19.2613392602
136.950284476 -26.2979847034 -35.6088770182
102.597164635 -2.19197679232 -26.3629997923
22.9264787294 -14.570968498 53.5062831554
-18.419734591 28.1815867714 12.6682960397
127.815025361 -22.5381230505 10.3888375408
94.3375924944 90.6534208524 102.792786443
45.0270862471 95.2465130576 35.249873046
-100.059239707 37.2134184086 -40.2873423768
10.2497043519 -41.7237729612 38.4114951123
34.0641179922 50.4839672886 -132.11680705
-69.3551262636 -69.3513794441 12.9699747486
140.756223583 80.9367405562 -23.6651201596
-6.4072484998 149.172536486 -132.742676031
-53.9286652685 -77.3035218591 -101.630694399
-139.512800479 38.1186157016 -127.683305035
-78.4139450275 -22.3899366788 -142.214781101
-130.861980737 85.206628723 53.6669100328
-39.4522752271 51.0837815215 145.552188187
67.6931992646 74.3833873718 -107.098949491
40.2370643263 30.6526929674 -0.507072487934
102.536255352 -115.878796889 -66.3980417424
117.300674046 58.4055179881 -65.1708495671
86.388354864 3.46919776181 64.4544082383
43.9285081941 83.4810461579 -26.5389753849
86.6779039774 104.706272862 37.869627218
97.941388338 -86.8490532863 -38.242953138
-120.53745914 126.112292712 -45.1690845494
35.7260198274 2.35914812188 -24.2553177936
4.35355990654 27.8215731216 33.7649788155
66.3886539686 -81.7282718186 15.6759446346
21.3851141272 37.572728884 -140.757922687
7.87129375213 -68.7810822854 37.5987004904
28.701313725 47.9990837952 37.389623269
-103.711396808 -137.900535828 -21.9922539997
-7.05921763126 34.1508608512 -132.198178542
100.215446255 11.3953916641 -34.5485740663
-67.0925373446 -119.730431252 -98.7096286705
-125.156847457 126.848458391 -10.8620504837
60.5347155537 -43.2233412865 -126.609897408
16.8399704746 102.980438879 74.3576844331
136.445552631 -138.111616237 -135.887109417
-136.8121073 -51.7686487922 59.2760467595
-136.677705372 71.7214276022 1.91467018106
-113.352507207 -113.841560523 96.1962236278
-80.4859397782 106.274588174 32.1858989983
-72.4130564412 126.193051849 -101.200452142
122.965060742 -90.4401115542 -39.5056110077
-17.4212615377 106.394415933 -10.4392956422
-135.235128066 -9.00001405237 -57.4292085054
146.213830426 116.743538697 145.999883884
13.4009462668 -29.7332292829 -9.95967580981
-49.5760728102 -133.808916527 18.1864218189
-121.671143132 120.838610105 -57.0309338049
69.6886395938 123.960859648 -46.8042876849
-30.7118916425 -40.9796994638 39.1273966713
-108.409884265 50.4542408124 -85.3720839688
24.6245121987 50.591306017 115.095839691
100.059268117 -90.8611361317 -106.302773121
47.8817709591 50.5541663623 13.6536844488
56.9487832524 -42.8601898994 -103.055828441
-46.9785574544 -70.9489464795 70.2647173803
-131.955708848 126.32301952 -15.7204165423
-88.7874190586 146.219169709 11.5360738661
121.595165304 -41.9625968526 -131.64411984
-39.9214592248 18.7826412122 7.54621296474
34.4105756607 133.474045746 -117.995839141
-40.4411353091 -117.168124007 -117.924101169
-46.974162628 124.235720691 14.2340280303
-114.59625953 106.593647084 -126.392301395
-91.8952288238 -101.335231408 19.624368979
20.3112169003 97.2403214732 76.8268271027
124.537679703 57.38741911 -52.0855630599
-114.756330233 19.4548440895 28.4439539172
-102.683004439 -53.0398445545 59.9409541194
103.047499173 -39.3175524535 -71.4417402441
-24.2037048256 9.77793134956 3.39390295757
-130.790075718 82.1409038364 -145.585547602
-99.1377681084 28.1449167526 4.10495311692
-138.098523376 -127.044705252 -19.3512674583
-13.7539681904 -61.7768674795 -77.5491474742
61.5425795392 -132.804999587 -15.9280688052
123.004411404 -112.114396423 -103.57047218
-127.76753291 -146.243551371 75.0626531195
46.0429932356 28.6900294633 -73.1672374752
142.656748679 66.6448294527 66.0294033436
102.522573937 -125.866530445 68.6736025999
-64.1082033954 -11.3057662783 130.340125836
-124.845683297 26.7671592473 11.535291366
109.547821729 -81.307623189 -24.000762361
-50.9954183487 53.8227608404 77.5028892875
23.7472233542 99.4885240445 -50.126611846
-13.6601017494 7.39983300479 -109.539148821
134.229786657 -93.0995669274 -115.570423457
31.5649199319 61.1995991255 -39.5318786369
-106.320869696 143.16309893 45.1365147031
89.1606857903 -140.33622175 -35.974853099
-149.755356906 64.5057870687 53.7136312925
-55.5455274094 127.895599627 50.1182705044
114.824887839 9.8473138711 -71.0844617251
53.473174775 -140.817800359 124.025126109
-80.4025918412 -59.3799321391 81.7192992612
123.80598811 36.7498567466 -142.405260496
-49.5030622117 34.9699512153 -67.4568002823
-80.578751507 134.875232959 134.030695166
-141.351475969 33.5866742505 80.4312929737
28.3811058558 -44.3635150964 18.8485462493
89.4323848407 -89.299128792 -26.5366833656
36.7448680013 39.3109363119 -128.8443637
-58.7866998986 46.2168116744 -126.705900835
127.203657948 124.500929027 -132.310659287
-75.6733603632 -45.1809079776 17.9957682453
-7.59926971975 82.8168363929 -99.7512068427
10.6286398922 -29.1701828101 76.0296177318
27.6764007338 144.22147582 123.537406966
-29.4236156145 -108.968852741 5.71323703919
-75.1004086859 -112.387822733 -122.707482482
-18.4947522906 -97.6419412644 87.0400591801
-108.210630378 -145.055385988 -134.454946758
129.581293406 -113.675289391 -72.4604439535
20.2463721145 -77.3673980937 -107.209710235
-129.623423176 -148.486510017 121.657792015
45.2738112301 77.9889021915 -26.7176077004
-6.94509468191 -36.0281802204 131.504606774
-83.1607155531 23.7599395279 -85.6572713563
102.482523344 146.745419605 -24.5068165861
-61.2141763643 2.42104915384 -97.0374018772
-135.072528582 -127.817946102 -52.9675252408
-57.9275753482 115.757588835 -132.331197506
85.5576438911 12.7391281196 -97.3759596427
2.8279233391 105.407309615 -70.905188473
-2.6293252548 -107.551202371 -124.209724043
-98.2223781402 -82.771760466 -81.2085748842
-80.4015757426 -69.4826158477 -57.8055451184
-117.647196192 130.443769947 -78.3123053369
-24.9947702135 67.6931275107 -133.31928901
142.004468061 54.054223501 121.534922924
-57.2431268122 110.175246474 -17.9861544136
30.291490261 -35.9762896296 -51.9119912977
14.5712426923 -136.057653088 -86.3360836921
2.41005253533 -22.8741922649 71.8263302677
-129.76195189 144.122537888 -57.0269227431
-48.3309221908 122.880946386 -43.6344654023
134.179611679 120.330132274 18.5926742734
-30.8750504187 -118.917796358 30.2326583305
112.174698781 -86.523326573 33.09047963
-84.0781751036 63.6765298211 -131.905805643
-53.03691214 -55.3597424754 80.2480242871
-32.7583611057 -67.3252661312 4.96813268217
17.9571125161 57.6846906669 82.1472637952
-106.768493361 -85.5588857758 -102.032853684
19.0831241041 -127.717014744 112.516298825
-4.91547592759 -39.6949692918 -14.631363662
-58.5277889022 -107.677366734 -11.99534477
-54.3771782822 -31.3094166061 4.33143295953
-60.7274052662 -57.2122079674 -79.5019824746
-60.9499901015 -32.0551976649 101.817238233
137.901955498 51.566661407 -6.58426909016
94.8262623647 -143.357752439 -50.1542940459
-4.81293336811 46.369999178 54.0671045466
140.989238594 139.479966332 -30.9170078647
75.343191636 -130.9037628 76.7785396967
145.721497551 27.048762966 -46.0380254442
-143.337203253 1.1976054631 -58.9456222094
11.3936113467 134.225593944 -29.9423843509
-101.396993088 48.4129033146 28.3460390948
-143.891534304 -139.811503047 142.363707287
-114.025881106 34.512096295 139.959541893
143.771176501 -4.7707831728 67.2124166062
-18.727284973 109.917886563 98.7656030219
117.721639665 -5.8103373465 -34.5075550307
-79.7354108053 140.745346301 -77.9906669475
-32.5066886478 -135.803499412 -141.384403732
135.171520201 104.157157407 -88.5896675181
96.5216426958 -110.591394459 104.37755833
25.1010513035 -74.584909937 -124.374354654
69.0864447161 130.20473774 27.3034490461
109.613825992 -83.5144473972 -6.09021423508
-45.723465991 10.3863973207 -109.663627928
2.93352318145 -87.9981454549 52.7849010782
71.226035258 14.911310395 -77.9785614127
94.4933799711 101.327356847 114.183440495
-134.344500747 85.3650258362 130.00657812
-59.5452976605 -121.160080897 66.2966176109
69.3011329813 -10.7369613947 -27.3489089652
-134.099121339 135.470205306 -7.33844690397
-11.6141111125 135.855158492 -68.1037793692
26.8976688431 -0.118555052434 -141.178177097
-95.3200636014 30.4161751259 -149.021705701
4.0726882966 112.278392989 42.6849404339
40.8312512988 -96.7962548056 71.7774070114
144.680369233 -107.624391594 85.9156300406
-72.077879983 28.4928695296 55.5385397371
-108.628111713 62.8958086383 117.741604647
59.4452944618 -102.421179538 147.224024114
-12.2375613777 -115.596945253 64.0751604743
39.6310424231 86.2090975677 -56.5018131225
11.9560329645 80.956061701 -30.7513499552
37.5600096657 -42.3733687526 -23.1237614241
142.502450838 32.3395096999 -60.3815536357
47.6448540829 -95.1213301234 -136.590750968
-104.448631707 -87.1909209489 110.978745796
101.456267846 -1.42682874403 -52.4568206443
121.552591848 60.7703195734 36.2483387993
-1.45706484889 -23.7557286578 105.814072622
-86.3608123023 55.5585626548 -94.4440242592
89.1435977517 68.654694911 18.843420286
22.9751315939 126.138052845 63.4459812259
41.7213723579 -21.2208850553 -146.314553358
88.7451181493 12.870361101 79.4213919792
-25.5450291067 -115.168426615 -85.1152604385
-94.3493188678 -88.6653309971 57.9018998999
31.5265698367 61.3273448633 -134.962581169
75.7513720399 18.3951578693 93.1531216074
17.3623488131 67.6795261622 105.726210609
138.813737785 -127.194842204 -69.3366944001
-69.8088967313 1.45106569731 -50.341044905
42.7863011164 -128.079856906 112.482898482
-23.110448451 -132.07585612 -96.623606267
-126.380500394 106.623242727 -5.79728653763
-43.9079659599 -6.01684196094 131.014916292
-49.9892197885 29.5201035338 -102.188778651
-139.506405969 129.519848433 139.123053518
-79.3236531193 46.8767863123 116.143540505
-29.624185614 -130.443111182 128.736789049
-106.065361352 143.816494446 -103.708760623
-40.4743651671 -118.362541635 -49.1143941773
108.29968704 -133.687104794 142.786283996
-117.156420523 2.432265431 -109.444824779
141.538557223 27.0201692459 38.5405204043
-123.99704257 6.14086412283 -19.3102742601
17.1629245785 -124.910705405 -72.1431948092
37.0328196865 94.4676173334 69.4127635596
-39.3811236624 -145.830769869 31.0500642979
108.742088142 130.994534477 131.157975388
148.915659598 36.1004101509 -136.664382038
-94.6395504785 37.1932396515 122.395511316
-111.609148446 -60.3735574067 144.203530097
38.5729532796 140.996879695 -119.298967451
-51.7236128712 104.279570479 -112.852774951
113.392408192 -76.9623970184 91.0753364975
119.589630826 -39.1396139442 93.5598952799
67.7995717156 74.3121491753 -59.1437942388
-4.30537155591 37.2954315144 14.0685814318
-99.9811728323 -137.642282928 106.420912879
-53.4811347499 -132.70462338 132.497322345
-63.0308965517 -129.700497817 -34.0149965575
-122.713591726 12.1132036999 -129.574930235
-117.940036994 -37.0000427443 33.5291210428
-81.968272763 28.8033371832 113.624108102
28.684333671 108.850028239 109.545850809
-145.117404078 -35.9350738998 -103.514510958
32.3126405378 76.3738518032 73.8254152585
-47.4556594561 -65.7986634292 -40.4649406229
42.0142049025 -100.45704815 48.819794526
54.6438970255 -37.1183779875 39.2979361155
-40.8883275799 -95.7508254486 31.2834833506
35.3930436629 -127.260886185 94.5588715264
-53.5184427346 -3.50455786732 -113.997438468
140.012447117 -73.2443534772 -15.7374909142
-111.921995022 -11.6356709416 -139.803511207
102.247772118 -63.6282972195 -111.164925869
40.8022962475 -76.6512868048 74.8366345273
28.5818235189 -6.25934999831 -8.5428216568
128.35295913 39.467493665 -75.7048344397
-36.3058163237 -95.8957118329 -59.5730277243
51.5394589079 -34.3984891059 -15.8845094369
137.367153286 -64.359858231 -0.769553861683
-88.8901933536 81.4638097762 -68.9929945257
-83.7977602234 -94.3399446027 -127.740831099
45.7826108314 -115.190311979 139.436357293
-46.5192220314 23.6452819588 -0.153034683743
-83.3861914083 -148.315197425 24.9519555186
-131.826894828 32.622265917 20.2576333786
-11.3271183706 -138.236263684 -123.326988929
-24.826609556 -101.533471815 -3.94685818527
-34.7543979627 131.4497652 135.581171994
127.357083757 -137.459265916 -60.5650930368
-107.663729821 -79.7657655423 49.5495933749
4.19041550168 120.798249052 -64.1956091434
-52.353633485 103.873600226 -34.3507242109
-136.055824901 -107.73538503 -1.12737297728
-117.056368183 -76.4874499746 117.559414427
-12.3089790598 -130.647726642 -142.374099838
-84.3674618824 -76.2381351847 -126.39160653
99.9340604503 64.0621466062 -149.152670849
71.726588511 -83.2986355935 110.125582982
-136.773403714 30.9343450645 74.6727360828
109.014435666 -71.9812063294 -111.799606709
69.7011682315 -55.4309237545 -133.251049143
124.151334007 78.625572579 -133.720216728
-100.179825385 146.214919543 -95.7685277752
-5.26420110648 -23.9488730979 148.249878706
149.08846533 29.1950855097 -140.3255871
66.6948993803 -52.4311300241 44.455357648
60.4359578597 -114.290706055 -54.3597220983
-107.898122502 120.839696033 -120.095864971
-21.220179249 -5.78295380264 55.7580596414
-137.455560521 -145.346863152 121.856168741
45.6997964073 -32.9891585878 89.3529213054
107.278611167 110.618879865 -86.4999534486
-100.623981696 85.8286983325 -12.0885527867
-79.4974089363 -114.363721109 -105.170478269
-97.7517255684 -91.86933309 20.3314498021
36.652399578 22.2819738813 -56.4839910022
4.20714624696 -101.774073708 -138.964050365
133.32219241 53.5892514278 -139.34510363
78.4315489372 8.88462136125 65.6865772038
74.6074520538 9.69450239176 -58.0424421034
139.315655037 -119.712523313 -11.9975926547
-102.088948604 61.7578290013 85.0347926232
-79.5055751865 149.855716997 -53.0988504428
81.2370418678 -94.1753415522 -141.895146149
-82.224803244 65.3308768705 -137.451805843
46.9634202762 146.748396888 -31.2725446483
48.6441070571 100.57156041 86.3832205567
-107.293344703 29.2298266535 -113.986183769
19.3130106749 88.438005641 -28.5840929412
10.649941291 -46.8965032769 -36.3312521984
65.7191568704 -83.5755374749 -125.965462563
91.3319308934 38.9626692665 -93.8587567826
102.721981627 -122.7830598 -64.6470507179
128.837536412 70.5889523554 132.811870231
99.4327507401 -58.9499840114 -40.716678496
88.9681923585 -122.724521224 98.7537152629
25.7596493065 -0.39616542571 43.7743308183
-103.76339944 -97.9169494993 -2.03766178823
125.582325983 87.4225063069 90.9468443599
-21.3866843002 -40.0912786595 90.9363273299
68.4716731324 -74.8905277228 65.2445749477
57.8491127365 114.742196062 -55.9197443834
-39.4582210178 3.15688383145 -61.7679107911
127.50554543 34.477839415 90.0309901735
-65.3206894702 18.3010467446 130.975064295
57.07695332 120.34694427 -16.4307720037
-76.3120310573 77.910141538 115.068172691
-65.2530067998 -129.02023924 -110.87201184
-20.6950545308 99.5588321419 143.286092255
9.28004350268 -82.1844076103 -62.998057814
-98.2974559107 -45.4525389831 45.7172256975
-41.7210290469 124.751027914 -46.8998558768
2.86190620593 -13.6641222239 110.559319615
-121.695837698 140.404499812 10.0372641036
-49.5795733898 -81.165681148 -72.8339516657
114.967877924 118.308431984 90.9069768583
-119.129497446 111.430246644 59.4388013804
-104.443455125 -44.7517924446 132.262900762
114.563481923 56.9699413419 -15.2055914299
-1.79096310299 -21.0774482446 -148.409661784
-89.6525885284 111.473626795 -119.169803656
-14.4931916147 78.3923653581 141.386155349
0.267529887752 -25.0123178592 31.7180066078
35.104578705 -0.0877497174757 34.3265185636
-71.6620656695 -137.59353598 -25.4626375913
30.4530453286 45.7784122794 125.272803695
147.25370034 138.003906673 -25.7834002203
-129.564956654 132.325836866 109.474875002
-65.3738134595 -15.1603337746 -53.6846878421
-130.692583437 123.761219429 61.6368229881
-31.6205165615 -72.8322494277 149.399690616
-74.2199613129 11.3427039668 -27.570939652
-47.5089808534 3.11421028078 -44.8305345953
-137.466693919 84.9121940986 -11.5995229449
-88.1038441776 -140.690196682 43.0634122811
-58.4499385047 -28.6074176459 -29.9349687173
51.8059633436 47.0135271494 122.448575493
-139.997255711 -47.0352264818 110.996004233
-24.7707996971 111.580477269 2.08085520583
-17.1491009182 -35.1527268002 6.31555783009
60.8696829361 90.1230156163 -99.0769161736
-142.628445585 -110.883027853 -20.6258117993
41.0834771452 -83.4473335018 -98.8018731171
122.459045038 -98.6239077841 109.949284057
-86.8751641248 -79.8731872174 46.7508989861
-78.6218611011 -113.880226561 -97.4967471201
81.9595340651 -40.3658378174 20.8354058597
-75.4539744356 131.80997634 -145.891837561
37.8316269906 -39.4302048959 -6.18006619208
7.04093352763 -91.553706788 90.5403008434
9.51073679238 47.5541864988 -19.847407081
77.1141881255 -14.077854007 145.558131667
-3.22224828873 20.1204834909 -16.2127544006
-86.0512980607 -103.009720394 124.166963672
61.95874831 51.1412040784 28.2434756692
-54.6294888886 15.1937675196 144.537063269
-64.4367053425 115.234299358 -20.3546054014
97.5199398205 31.3523582512 -116.091986471
-73.9575351167 57.931310709 -30.5462824389
3.9181512649 -70.2335148518 87.2865215785
120.69683372 105.239536001 -64.6209825452
-130.750741841 56.3027435082 99.1373854832
126.151544797 -29.184964231 45.163077753
-1.99483112149 -31.6776028915 34.8919059409
55.0033288709 -144.517036133 -46.7100148463
-49.6188748627 -6.83490251243 -109.121615108
-111.154471802 -41.0363737115 97.4774185965
-17.9290224075 -114.187653187 55.749953691
-29.6500681921 69.157549222 53.5149630183
50.5989288275 38.4302642526 -137.868584242
-91.2740534969 129.22832597 -136.476311181
-27.1500101401 80.100369161 -91.5317269392
-18.5759797694 112.471229537 14.643461304
-36.3299869254 -49.7559519002 -144.235703164
126.84130081 111.216641646 -109.689887073
60.4636611113 -128.701035078 113.03278583
-127.296413704 0.141533481856 -1.66860866892
-125.802973793 -105.631083582 37.1259933448
-20.9363582157 -51.002701048 45.2947213912
-135.848514501 -86.9510850641 -77.390540346
-94.7067304674 59.4502206733 -128.327820145
-37.4987140861 -9.18724416835 69.8073507813
-50.914422034 17.6421424059 -10.8547903569
82.0070227955 130.312862152 -103.455233456
118.956107017 99.0612162197 -114.900796491
-16.8530650995 -16.0512346439 78.552253527
58.4257515042 -140.836520148 -130.648602898
121.511533302 63.262837451 64.4016921008
-34.7764132115 50.8113474903 7.96137902636
-80.3357759599 137.255688381 -19.9909507954
-9.4155797503 34.8426239883 -96.6420402242
-93.1103202888 -69.396194613 40.3332838503
-124.643364922 28.1293688042 32.7298699166
-61.8441239947 10.9055731196 -4.63729950851
91.4232447712 41.7663144299 131.051911194
63.953062887 2.91679484742 68.2048873076
35.8357428946 97.2065549289 98.5313877976
26.5363804264 139.07242325 -38.1814400989
-91.1639467317 -108.294734879 -0.936832090911
76.4788401695 71.1365768919 66.5450178243
-146.711659559 -3.99060167373 -149.08957836
29.5185213316 -44.8809908164 85.5437670458
114.971434138 60.1872460475 47.1548290116
142.636173568 86.6674209859 -81.1207236533
78.8113762349 124.501677732 -84.5922394913
130.209928728 -18.3709832091 -5.742796898
24.2526711552 -8.178107863 70.6935519541
-70.6744509475 145.764407934 -121.444788347
31.7216088589 48.6723433691 120.768437102
0.297839985537 -114.168981563 -148.889167443
31.2632921714 -11.1800725561 -46.4970978415
-16.4181834338 -48.1876305093 -123.895939051
-114.718690263 122.753397534 -64.0036885422
29.532843031 126.902720521 -80.953728093
47.7286768971 -74.9428863578 70.7033750594
127.098635956 50.4490309256 127.521725037
103.622730806 -126.461138065 -12.0296071457
-106.122310284 126.878271314 -102.299345743
-100.607502076 -120.746099839 -16.0305983084
-37.9357176252 -144.972051566 84.5182735517
-47.864772826 -43.0810658513 110.557792323
-146.980894933 36.9810011572 -68.694608545
72.8330224717 82.6416550668 -117.463359599
-103.759594957 133.366239443 -82.5064069859
1.82975173266 131.48850327 -2.65723900799
-5.96755689687 43.5415893002 148.345292984
-104.419714939 -117.400441324 81.0454538611
-107.603427108 -11.0759069301 -47.8559118256
-61.3821973857 -96.3609296098 -112.279092978
93.7574884786 18.9001789436 -40.2521983466
-3.54906700545 -143.596342851 -74.9890226929
59.3623812247 -10.5747526117 110.316245806
131.351117917 -24.1265670102 -37.835812897
97.8902915437 -39.5672784552 -104.361061262
-43.759324827 87.4721906861 68.298747082
15.9284539088 101.103856758 -129.814072551
-135.146280782 95.5307968615 -100.371695451
86.1535919855 -121.098269151 -28.97383598
76.4373538495 109.007697326 -39.8839143341
72.1973770265 80.067589731 91.1403062412
-45.0381073018 -26.6969466024 -128.224915897
-55.7662736033 -27.0618299535 -95.1173363895
26.9457653017 121.37326117 -122.570689916
48.4751827046 -141.064923206 59.6913298553
-120.575772936 146.093490833 -124.021443758
76.9845344801 116.159562131 8.93904636303
72.5797730411 -29.00296676 1.45207012785
131.154904449 131.740562003 -14.2178239248
111.921808946 116.016014609 145.547720402
78.4337687698 -111.231334952 -98.7961461047
88.2278057104 134.298514105 121.209708642
124.35445101 84.3948743882 -124.517292693
-143.143312635 144.995515446 -53.5109227937
46.7187254654 -146.221806267 44.8422308392
52.3831392069 125.265744135 -89.6767420691
-5.67158019074 22.3922601587 117.973673777
10.0295990852 64.5618256275 -1.14995456526
108.504204772 -137.810345396 35.4238271678
-110.820241809 27.0404492324 -35.8908449895
-24.6317104309 123.563074032 -0.361828539997
15.1174419835 -82.3109155314 81.2479551957
-130.718495278 27.2397120749 17.6850738385
105.624886194 -119.53690735 6.8912587793
-89.875318137 -27.356248896 66.2266356007
121.938011946 -137.464845499 137.055424809
-94.3893985546 -5.49223928653 -115.798325079
-128.905675752 -115.053801076 -63.7727929513
107.809469217 124.227566476 -73.5585007967
57.6649004589 85.6031315066 26.4729438851
-37.6053804733 109.324365477 78.5772865095
67.1562103077 -65.5744671789 -109.220458466
118.554867177 109.305548819 -38.0142918845
-80.7033586571 73.2918704523 -106.850113741
-133.467991466 -41.9281636778 104.716270296
7.88259737207 85.8345107486 -143.89718179
15.9724890152 1.26830039649 9.85977184524
112.356538695 115.513898175 -115.468094256
17.6889027465 62.7774044916 100.21337957
-23.8923215292 133.465559907 -80.0367708901
-131.900252542 71.4405838657 20.2107376583
-28.8454325514 112.465103714 -135.87540938
-104.59347623 19.4632756404 -8.64711163838
-69.3797999416 -147.055362289 101.618878814
-68.4495193828 111.293456112 85.5329246192
-124.163611156 -84.900116442 -148.993685379
29.6249198507 -67.8907859128 17.4748905527
14.9424099288 -87.6134203429 116.508289178
99.2150318209 104.982311114 -25.8583350591
16.9850102238 -68.4074082209 -129.829998218
-120.421636778 147.978244895 77.3129627357
-87.0282755899 -103.956488886 113.143855218
71.1872896609 -30.0280685549 80.1374584555
-21.1220041523 -20.7685237989 149.344825258
-42.6933492472 2.4795095716 63.4303182601
-9.64954553737 -77.1737071183 -104.090443496
-78.5873179138 -140.357579941 -17.3635141159
66.1470628721 44.2055914457 -91.7496743773
29.1632728825 -138.359589706 -69.8341158714
-72.2338415827 97.3713310812 -56.7628661617
-94.0130485771 92.6094625955 93.4471997547
142.678735195 -96.6034849777 49.5934118706
-115.706906526 -128.042598994 -71.2856683916
101.273464714 -99.9296133161 114.112581571
-102.718949248 -32.6378415061 144.109617953
-135.245202607 -41.7862319241 -107.384746026
-6.37985895866 2.11280863454 64.8443627866
137.92065224 -81.1567467871 -40.6604911948
97.2514843324 130.858571958 52.8758885139
135.037667482 38.332602484 -121.092882521
-83.5872958477 12.3738718797 107.271402487
-8.59902813079 -121.072675366 -101.740438485
91.6513357799 -73.0095611313 100.877027347
77.1981513445 -81.8580429874 137.86103526
41.1655680369 -146.222538055 25.8437656822
11.3467406539 4.24691954485 -57.4864131803
102.970595515 75.2097886604 140.634994521
-59.535595125 -146.999985029 10.8147493239
5.62982973783 -101.682175527 -83.0868925953
81.3975985422 -13.3410178794 42.2194686939
11.9652907409 -138.29923636 87.1050180579
49.0196629236 -67.4674318607 -97.2233921067
-41.4772199638 -104.276111235 -105.914270218
102.208444454 -130.402975155 69.3841321908
-9.22740597122 106.270217033 89.5330523032
112.855310381 21.7670250732 -87.164524393
-31.9643104955 132.945285257 -39.1117459409
-122.253348426 49.5491830018 -64.7234093666
71.7211680671 76.3958108446 59.773471346
134.101383377 46.6727665341 138.192574115
-125.835349237 -81.2323976549 112.32519121
69.7053035407 38.5062916074 -4.19784018154
-13.4713620366 54.2989595446 105.067824454
123.544327302 20.6981143385 -135.063835921
46.1743320216 -142.422734132 -84.1623332264
32.7409622519 22.0130565848 -6.06048726103
-7.26512927966 145.400786016 41.28689728
-146.307053849 -64.2525333905 -46.3670913886
-98.4513583122 -120.952542315 -145.275209613
-22.580514116 146.40922651 77.2046250087
-59.2971557438 7.95340763808 -129.53199405
-141.735722519 -97.8314852237 -27.3184669382
-107.933833858 -77.502921927 -134.858808637
-128.010465659 -129.811409534 4.83990962764
40.633542989 -95.9620380978 115.873997225
-60.8175623661 136.719330481 26.3367100971
-124.418976367 149.663046192 69.8701143103
-122.776426374 -21.899313522 -94.2801797548
-63.7315250268 99.5782182908 -100.057844454
129.853359697 78.0023450066 -88.4504250253
6.88375356687 -71.3678693534 -144.096366584
8.44097599438 141.469893472 48.1572635934
-96.9959514288 29.364926414 148.785112377
116.341329323 42.031132153 129.509630671
137.494505476 56.4988377486 -107.068948527
-113.979070994 -53.7539163176 145.48852947
-24.1698520749 -103.761736339 6.00423126475
-124.311061199 -37.4454887633 -115.510345647
130.212684672 -50.0942872972 108.832714134
-16.1166402864 30.9070100149 68.0325910968
62.6431624001 -147.288141315 -107.854522327
69.5269204758 -44.1462913926 41.6521352637
-147.336784732 103.806206462 -124.302161845
-105.025164282 -18.7566483808 -23.5867329815
149.248731632 -1.92242275127 -139.489907884
124.37610282 -31.319099949 -10.7801425521
-148.420076356 139.989231984 75.9781496963
-144.457541232 -138.072802102 65.750869704
-87.2965808034 -87.0099539063 -115.824512946
76.3965540733 -32.3250021815 5.56761736753
-70.3895870345 -17.2849267281 -63.5523318676
136.273062801 79.5167232447 -1.01812197092
124.86158479 21.299757081 -139.156514247
52.1756398517 88.6448616287 -26.9460156003
42.0546016345 -62.5142806718 -131.90017423
-46.9358622738 -135.132046093 -37.5364448079
-145.323063643 126.341236108 -143.063076499
70.168987885 -47.0695360993 -119.274881656
7.3474474702 -118.720217916 22.8446167656
103.711876559 -99.6739530392 -138.691532446
143.975164117 -84.5778789507 59.4074278338
135.357124808 96.0578194481 18.2675846511
-17.8103452606 96.2344010643 17.9551882705
-139.473100405 85.9431865717 100.25779685
-84.6840120462 71.6968869754 -60.7592101762
28.318740871 -149.204078993 54.8138056266
6.03332277721 125.724991641 119.708497329
-9.57396185558 -104.839318145 35.8822356272
-58.9175216912 128.603484713 -80.1157768208
35.107775518 21.44579595 -70.384769805
142.515777557 -9.4452087418 -82.1619237117
96.1942996481 9.67091891605 58.840514819
-88.3932309541 -57.3180430917 -96.3260018602
-143.791203247 -59.5226520502 -19.4252521891
-65.8355203544 1.94034277532 79.8951666321
-61.3706562188 -120.124800384 -29.6560907293
118.941063931 122.819303815 -115.06685857
-22.1078517979 -73.1621270351 53.4933535968
40.9942789081 -70.3863360292 35.8225741564
120.964883297 -112.364464122 -74.9811841309
81.5484582909 -46.2112103162 -142.821580805
4.92664026992 106.802150017 88.828318656
-103.772071481 -12.5987878704 128.745392933
-10.3492105539 -42.6451670565 -11.888189988
-11.8889537521 79.82974141 -121.310756603
23.1243765551 -128.981857813 -91.7500477216
-78.1463289642 -91.3904388182 43.4863467187
-65.4918473019 -18.7225365532 74.3661560873
75.4261362335 129.759125325 134.720660253
-34.622193163 -2.2331070992 53.1459765249
83.3042406109 131.01236489 49.5561065149
25.5723260405 121.521065907 66.5920844389
87.1212656138 -98.0364603271 -73.9595668166
15.6068246532 -138.601469109 134.847746612
-72.7412512953 52.4932842936 -51.6463725077
48.3309252159 -85.9864950632 -53.6386708244
-66.8622941886 42.0344834962 53.001052106
-138.013309557 -114.787029914 -57.8983073964
-27.5782791589 121.722625495 105.025634058
-75.7374377455 63.1987671293 -86.0470003542
68.0691622181 -126.351395797 135.519169683
92.2050176388 -10.4613421258 -149.03085141
-93.3801306082 -51.2948277846 -1.36181224144
28.7916426918 49.3515831257 69.8837869186
-33.3595878051 122.527549884 19.4286906089
-147.199908647 -46.9210665557 134.495943928
-73.1998278196 38.6412171164 -116.082160205
141.625057185 -94.7148620581 62.8722769133
-61.6530208127 -17.0956080495 -78.1349098884
-99.7187824679 -104.74763768 -85.9054487899
114.386880539 109.370300699 6.09709417938
-138.152925246 26.4569111154 40.1660592671
129.451322778 -52.3759913446 81.9493822331
-30.6531469187 -17.6947815276 37.0959748801
140.825114612 2.90295141469 -39.7555444395
-4.84196534704 -51.043039378 77.3603904879
-122.251898603 99.7470360745 56.8845105752
-127.629411486 122.922555375 -54.1879504815
-143.962798436 136.524007216 147.727071398
-69.9623428953 -119.688427076 15.6979144391
84.204855963 -23.4987584428 44.7078135966
14.8351267549 109.243459315 50.1665947626
95.2119661285 -74.3454625468 93.6279912601
70.1687722233 -149.901394252 40.7826659707
-42.5015572961 46.6815029584 -135.301817257
136.578793786 61.7913752448 -94.5555096378
55.477675318 -22.2691385334 -36.6070017518
119.458736682 -5.2538741532 -55.9252800135
67.7747143192 -27.6309854905 126.922782054
16.6967052603 -132.567735238 123.131670865
118.233074823 -139.288598552 18.8841111738