100
9 13 -1
45 -4 -5
-3 17 7
19 47 19
20 -5 29
9 -9 30
24 49 17
43 -4 22
26 29 5
18 3 32
-7 13 48
36 25 7
44 39 9
-6 18 0
4 42 19
14 5 -1
21 18 2
13 42 21
31 49 35
6 -6 48
5 21 37
47 39 25
-9 -2 14
41 -8 39
-4 2 14
6 0 45
14 -10 41
10 -1 -10
-3 0 41
2 15 16
19 43 -4
19 7 -2
12 40 38
48 27 45
-7 -4 46
38 3 45
1 35 11
45 7 15
43 22 44
21 43 -5
1 9 13
4 15 36
17 17 18
3 -2 31
24 7 19
31 45 37
48 -7 0
0 -3 13
40 12 45
28 21 27
7 -4 43
49 8 18
27 34 41
37 15 33
10 44 -1
23 25 6
25 -7 35
29 14 41
-3 -7 46
9 45 49
19 -5 9
6 33 1
38 21 -3
-6 25 -7
8 18 0
40 3 11
1 50 -7
20 20 -10
17 19 -8
6 20 12
18 17 37
-1 9 33
37 47 -5
34 31 47
-6 41 39
47 30 -9
-1 25 -8
37 2 -9
-10 5 -9
42 49 -1
19 35 7
-6 13 25
18 7 49
34 33 47
10 7 48
48 -2 9
30 50 -5
24 34 49
33 -10 -2
-6 46 7
19 13 8
-9 29 41
40 50 31
21 17 26
17 3 20
39 4 -10
47 30 1
15 17 0
5 13 10
49 -10 29